env:
  max_power: 1300
  min_power: 0
  n_days: 1
  time_intervals: 288
  action_list: ['sleep', 'collect', 'send all']
  max_messages: 5
  power_levels: 800
  cloudy_chance: 1.0
  
  # Reward shaping parameters
  reward_power_multiplier: 0.0001
  reward_action_0: -0.7989065152199974
  reward_action_1: -0.4334259356772552
  reward_action_2: -2.0
  reward_message_count: 0.66100996948681

  # Message reward parameters
  message_reward: 1.0
  missed_message_penalty: -5
  power_reward: 0.0

agent:
  n_step: 5
  alpha: 0.1
  gamma: 0.99
  epsilon: 1.0
  epsilon_decay: 0.999
  epsilon_min: 0.05

train:
  num_episodes: 250000


#Best Parameters: [5000, 0.0, 0.0001, -1.873296736728921, -0.6489876722057264, -2.0, 0.8640073325132345] -> Highest Sent Messages: 252.0